Rose
1 
20 
20 
10 
2 
10 
11 
4 
0 
2294 
0 
3 
210 
11 
221 
16 
220 
61 
206 
21 
0 
21 
0 
21 
0 
21 
0 
45 
46 
0 
0 
0 
0 
0 
88 
0 
0 
0 
7 
1 
0 
0 
0 
3 
1 
0 
0 
0 
0 
0 
0 
2 
645 
9 
6790 
0 
1 
0 
0 
1 
1 
1 
1 
1 
1 
2 
2 
0 
0 
7 
0 
1 
35 
11 
5 
0 
-1 
0 
0 
1 
3 
0 
0 
0 
2 
1 
1 
1 
162 
401 
0 
2 
0 
-1 
1 
1 
0 
1 
0 
4 
0 
2 
0 
1 
24 
0 
24 
0 
8 
14 
2 
1 
1 
0 
0 
1 
0 
4 
2 
3 
1 
0 
3 
0 
1 
3 
0 
1 
10 
1 
0 
1 
2 
1 
1 
1 
1 
1 
1 
1 
1 
1 
1 
0 
0 
0 
0 
0 
0 
0 
0 
0 
0 
0 
0 
0 
0 
0 
0 
1 
1 
1 
1 
1 
1 
1 
1 
1 
1 
1 
1 
1 
1 
1 
1 
1 
1 
1 
1 
1 
1 
1 
1 
1 
1 
0 
0 
0 
0 
0 
0 
0 
0 
0 
0 
0 
0 
0 
0 
0 
0 
0 
0 
0 
0 
0 
0 
0 
0 
0 
0 
0 
0 
0 
0 
0 
0 
0 
0 
0 
0 
0 
0 
0 
0 
0 
0 
0 
0 
205 
0 
0 
0 
0 
0 
0 
0 
0 
0 
0 
0 
0 
0 
0 
0 
0 
0 
0 
0 
0 
0 
0 
0 
0 
0 
0 
0 
0 
0 
0 
0 
0 
0 
0 
0 
0 
0 
0 
0 
0 
0 
0 
0 
0 
0 
0 
0 
0 
0 
1 
0 
0 
0 
1 
0 
0 
0 
0 
0 
0 
0 
1 
1 
1 
0 
0 
2 
0 
1 
1 
0 
0 
0 
0 
2 
1 
0 
1 
1 
2 
0 
1 
1 
1 
1 
0 
0 
0 
1 
0 
0 
0 
0 
0 
0 
0 
0 
0 
0 
13 
25 
47 
49 
12 
24 
48 
64 
29 
0 
0 
0 
1 
4 
7 
10 
17 
23 
36 
38 
39 
62 
999 
0 
0 
0 
0 
0 
0 
0 
0 
0 
0 
0 
0 
0 
0 
0 
0 
0 
0 
0 
0 
0 
0 
0 
0 
0 
0 
0 
0 
1500 
1 
20 
2 
2 
1 
25 
216 
0 
0 
0 
0 
0 
0 
0 
0 
0 
0 
26 
2 
1 
0 
1 
1 
1 
0 
0 
180 
6 
36 
1 
5 
0 
0 
2 
1 
1 
0 
5 
0 
2 
0 
0 
0 
6 
6 
0 
5 
1 
1 
1 
0 
0 
0 
3 
2 
3 
34 
1 
0 
0 
0 
2 
1 
1 
1 
1 
1 
1 
1 
3 
0 
0 
0 
0 
7 
0 
0 
0 
0 
0 
0 
1 
1 
2 
3 
9 
0 
0 
24 
0 
1 
1 
1 
1 
0 
0 
0 
0 
0 
0 
0 
0 
0 
0 
0 
0 
1 
3 
17 
0 
0 
0 
0 
1 
0 
0 
0 
0 
1 
0 
0 
0 
0 
0 
0 
0 
0 
0 
0 
0 
0 
0 
0 
0 
0 
0 
0 
0 
0 
0 
0 
0 
0 
0 
6 
0 
0 
0 
0 
0 
0 
0 
0 
0 
0 
0 
0 
0 
0 
0 
185 
1 
1 
1 
295 
210 
1.97561e+006 