Rose
20 
99 
20 
48 
99 
14 
99 
4 
99999 
5219 
113 
11 
206 
36 
0 
16 
0 
16 
0 
16 
0 
61 
0 
43 
0 
43 
0 
52 
53 
0 
0 
0 
0 
0 
13 
0 
0 
1 
0 
0 
0 
0 
0 
1 
1 
1 
0 
0 
0 
5 
0 
2 
1 
0 
1666 
0 
0 
0 
0 
1 
0 
0 
1 
4 
1 
0 
0 
0 
0 
6 
2 
1 
11 
10 
4 
0 
-1 
0 
0 
1 
0 
1 
1 
1 
1 
0 
2 
0 
0 
0 
0 
1 
0 
1 
1 
0 
1 
1 
0 
4 
0 
0 
0 
0 
0 
0 
24 
0 
0 
0 
1 
0 
0 
0 
0 
1 
0 
0 
0 
1 
10 
0 
0 
0 
0 
1 
0 
0 
0 
1 
0 
1 
2 
1 
1 
1 
1 
1 
1 
1 
0 
1 
1 
1 
1 
0 
0 
0 
0 
0 
0 
0 
0 
0 
0 
0 
0 
0 
0 
0 
0 
0 
0 
0 
0 
0 
0 
0 
0 
0 
0 
0 
0 
0 
0 
0 
0 
0 
0 
0 
0 
0 
0 
0 
0 
0 
0 
0 
0 
0 
0 
0 
0 
0 
0 
0 
0 
0 
0 
0 
0 
0 
0 
0 
0 
0 
0 
0 
0 
0 
0 
0 
0 
0 
0 
0 
0 
0 
0 
0 
0 
0 
0 
0 
0 
0 
0 
0 
0 
205 
113 
22 
16 
20 
49 
0 
0 
0 
0 
0 
0 
0 
0 
0 
0 
0 
0 
0 
0 
0 
1 
0 
1 
0 
1 
0 
0 
0 
0 
0 
0 
0 
0 
0 
0 
0 
0 
0 
0 
0 
0 
0 
0 
0 
0 
0 
0 
0 
0 
0 
1 
1 
4 
1 
1 
0 
0 
0 
0 
0 
0 
0 
0 
0 
0 
0 
0 
0 
0 
1 
1 
0 
0 
0 
2 
0 
1 
0 
0 
0 
0 
1 
0 
0 
0 
0 
0 
0 
0 
0 
0 
0 
0 
0 
0 
0 
0 
0 
0 
13 
25 
47 
49 
12 
24 
48 
3 
31 
0 
0 
0 
0 
0 
0 
0 
0 
0 
0 
0 
0 
0 
0 
0 
0 
0 
0 
0 
0 
0 
0 
0 
0 
0 
0 
0 
0 
0 
0 
0 
0 
0 
0 
0 
0 
0 
0 
0 
0 
0 
1 
0 
0 
20 
2 
1 
1 
3 
12 
0 
0 
0 
0 
0 
0 
0 
0 
1 
1 
99 
2 
1 
0 
1 
1 
1 
0 
0 
0 
0 
0 
0 
5 
0 
0 
0 
1 
0 
0 
0 
0 
0 
0 
0 
0 
0 
6 
1 
5 
1 
1 
0 
1 
0 
0 
0 
0 
0 
4 
0 
0 
0 
0 
0 
0 
0 
0 
1 
1 
1 
0 
3 
0 
0 
0 
1 
25 
0 
0 
0 
0 
1 
1 
1 
0 
2 
1 
1 
0 
0 
24 
0 
1 
1 
1 
1 
0 
0 
0 
0 
17 
0 
1 
1 
1 
1 
2 
0 
0 
3 
7 
0 
0 
0 
0 
0 
0 
0 
0 
0 
0 
0 
0 
0 
0 
0 
0 
0 
0 
0 
0 
0 
0 
0 
0 
0 
0 
0 
0 
0 
0 
0 
0 
0 
0 
0 
-1 
0 
0 
0 
0 
0 
0 
0 
0 
0 
0 
0 
0 
0 
0 
0 
201 
1 
1 
1 
216 
232 
478144 